4 0 3 0	14
4 0 3 1 14
4 0 4 2 14
4 0 4 3 14
4 0 4 4 14
4 0 5 2 14
4 0 5 3 14
4 0 5 4 14
4 0 6 2 14
4 0 6 3 14
4 0 6 4 14
4 0 7 2 14
4 0 7 3 14
4 0 7 4 14
4 0 8 2 14
4 0 8 3 14
4 1 8 4 14
4 1 0 0 15
4 1 0 1	15
4 1 1 0 15
4 1 1 1 15
4 1 2 0 15
4 1 2 1 15
4 1 3 0 15
4 1 3 1 15
4 1 4 2 15
4 1 4 3 15
4 1 4 4 15
4 1 5 2 15
4 1 5 3 15
4 1 5 4 15
4 1 6 2 15
9 0 5 3 22
9 0 5 4 22
9 0 6 2 22
9 0 6 3 22
9 0 6 4 22
9 0 7 2 22
9 0 7 3 22
9 0 7 4 22
9 0 8 2 22
9 0 8 3 22
9 1 0 0 30
9 1 0 1	30
9 1 1 0 30
9 1 1 1 30
9 1 2 0 30
9 1 2 1 30
9 1 3 0 30
9 1 3 1 30
9 1 4 2 30
9 1 4 3 30