2 0 8 2 12
2 0 8 3 12
2 0 8 4 12
2 0 0 0 13
2 0 0 1	13
2 0 1 0 13
2 0 1 1 13
2 0 2 0 13
2 0 2 1 13
2 0 3 0 13
2 0 3 1 13
2 0 4 2 13
2 0 4 3 13
2 0 4 4 13
2 0 5 2 13
2 0 5 3 13
2 0 5 4 13
2 1 6 2 13
2 1 6 3 13
2 1 6 4 13
2 1 7 2 13
2 1 7 3 13
2 1 7 4 13
2 1 8 2 13
2 1 8 3 13
2 1 8 4 13
2 1 0 0 14
2 1 0 1	14
2 1 1 0 14
2 1 1 1 14
2 1 2 0 14
2 1 2 1 14
2 1 3 0 14
2 1 3 1 14
5 0 7 3 15
5 0 7 3 15
5 0 7 4 15
5 0 8 2 15
5 0 8 3 15
5 0 8 4 15
5 0 0 0 16
5 0 0 1 16
5 0 1 0 16
5 0 1 1 16
5 0 2 0 16
5 0 2 1 16
5 0 3 0 16
5 0 3 1 16
5 0 4 2 16
5 0 4 3 16
5 1 4 4 16
5 1 5 2 16
5 1 5 3 16
5 1 5 4 16
5 1 6 2 16
5 1 6 3 16
5 1 6 4 16
5 1 7 2 16
5 1 7 3 16
5 1 7 4 16
5 1 8 2 16
5 1 8 3 16
5 1 8 4 16
5 1 0 0 17
5 1 0 1 17
5 1 1 0 17
