4 0 0 0 16
4 0 0 1	16
4 0 1 0 16
4 0 1 1 16
4 0 2 0 16
4 0 2 1 16
4 0 3 0 16
4 0 3 1 16
4 0 4 2 16
4 0 4 3 16
4 0 4 4 16
4 0 5 2 16
4 0 5 3 16
4 0 5 4 16
4 0 6 2 16
4 0 6 3 16
4 1 6 4 16
4 1 7 2 16
4 1 7 3 16
4 1 7 4 16
4 1 8 2 16
4 1 8 3 16
4 1 8 4 16
4 1 0 0 17
4 1 0 1	17
4 1 1 0 17
4 1 1 1 17
4 1 2 0 17
4 1 2 1 17
4 1 3 0 17
4 1 3 1 17
4 1 4 2 17
3 0 7 3 18
3 0 7 4 18
3 0 8 2 18
3 0 8 3 18
3 0 8 4 18
3 0 0 0 19
3 0 0 1 19
3 0 1 0 19
3 0 1 1 19
3 0 2 0 19
3 0 2 1 19
3 1 3 0 19
3 1 3 1 19
3 1 4 2 19
3 1 4 3 19
3 1 4 4 19
3 1 5 2 19
3 1 5 3 19
3 1 5 4 19
3 1 6 2 19
3 1 6 3 19
3 1 6 4 19
